 17   01:11:02  4524      0   01:22:17   3956      0
 16   05:11:31  8082      0   06:50:51   8238      0
 15   00:36:10  2474      0   01:06:40   2200      0
 14   00:26:20  4607      0   02:47:04   7376      0
 13   00:54:14  5920      0   01:19:50   6511      0
 12   02:32:25  8208      0   03:57:30   9113      0
 11   00:46:16  4281      0   00:51:58   4331      0
 10   00:28:09  6007      0   00:52:07   6621      0
  9   00:30:04  6688      0   01:14:02   5956      0
  8   00:22:18  6359      0   01:23:46   3739      0
  7   00:16:41  7076      0   00:21:48   5554      0
  6   00:08:40  2396      0   02:13:46  11563      0
  5   00:34:20  4703      0   00:49:35   4153      0
  4   00:45:39  4550      0   00:51:54   3678      0
  3   00:27:26  9310      0   00:49:15   5316      0
  2   00:06:27  4407      0   00:09:00   3499      0
  1   00:09:12  4688      0   00:15:29   4024      0